100.mid,0.871536792183,0.868628239327,0.868628239327,0.874469117916,0.864232009290,0.845395331681,0.839771364691,0.851663817738,0.851588288985,0.839771364691,0.931159750786,0.952823142710,0.730660628260,0.871536792183,0.681407617676,
10.mid,0.737682288786,0.839030387033,0.851663817738,0.870026274663,0.874469117916,0.864232009290,0.845395331681,0.839771364691,0.860887062557,0.879073253239,0.874469117916,0.703015399837,0.839030387033,0.851663817738,0.851588288985,0.839771364691,0.424490427402,
11.mid,0.871536792183,0.880649249754,0.420519753617,0.866395357699,0.874469117916,0.864232009290,0.845395331681,0.839771364691,0.851663817738,0.851588288985,0.839771364691,0.713234596356,0.871536792183,0.924944431276,
12.mid,0.731517574924,0.839030387033,0.851663817738,0.870026274663,0.874469117916,0.868262398057,0.653336295820,0.880719576372,0.874469117916,0.945552215978,
13.mid,0.839030387033,0.851663817738,0.851588288985,0.839771364691,0.936822423399,
14.mid,0.754058971309,0.871536792183,0.918951553827,
15.mid,0.723558368805,0.871536792183,1.127144106189,
16.mid,0.839030387033,0.842008679755,0.452949306470,0.859328696495,0.865691752104,0.874469117916,0.937902332809,
17.mid,0.523377680258,0.700401553288,0.488090570808,0.711650366876,0.839030387033,0.851663817738,0.870026274663,0.874469117916,0.868628239327,0.868628239327,0.874469117916,1.014619789273,
18.mid,0.871536792183,1.039528364187,
19.mid,0.761639624110,0.871536792183,0.868628239327,0.868628239327,0.874469117916,0.897240425575,0.830305484870,0.868245058221,0.839771364691,0.958288190366,
1.mid,0.839030387033,0.851663817738,0.870026274663,0.874469117916,0.458459779570,
20.mid,0.728258304930,0.871536792183,0.868628239327,0.850214415485,0.839771364691,0.851669184598,0.851588288985,0.839771364691,0.871147573458,0.933012225182,0.876557161035,0.839771364691,0.630329093183,0.743512717808,0.839030387033,1.053072375990,
21.mid,0.871536792183,0.868628239327,0.868628239327,0.874469117916,0.868628239327,0.868628239327,0.874469117916,0.911158927245,
22.mid,0.760924323310,0.871536792183,1.080531338312,
23.mid,0.871536792183,0.868628239327,0.868628239327,0.874469117916,0.864232009290,0.845395331681,0.839771364691,0.891092148293,
24.mid,0.580537222612,0.702601191418,0.839030387033,0.960692396442,
25.mid,1.014020968524,0.773631223279,0.871536792183,0.955918931536,
26.mid,0.689819930220,0.470788186430,0.702920134226,0.839030387033,0.851663817738,0.851588288985,0.839771364691,0.851669184598,0.851588288985,0.839771364691,0.851663817738,0.851588288985,0.839771364691,0.963823276432,0.741609181242,0.871536792183,0.883186335017,0.508791540815,0.893870177288,0.874469117916,1.052145353805,
27.mid,0.871536792183,1.040178080496,
28.mid,0.437140435494,0.745295101004,0.839030387033,1.023807781485,
29.mid,0.871536792183,0.868628239327,0.850214415485,0.839771364691,0.851669184598,0.851588288985,0.839771364691,1.013257862144,
2.mid,0.871536792183,0.868628239327,0.850214415485,0.839771364691,0.851669184598,0.851588288985,0.839771364691,0.851663817738,0.851588288985,0.839771364691,0.703395882567,0.661510820275,0.486420393071,0.737921994967,0.839030387033,0.851663817738,0.851588288985,0.839771364691,1.087429247642,
30.mid,0.871536792183,0.882461908670,1.060229833720,
31.mid,0.691360262661,0.839030387033,0.851663817738,0.870026274663,0.874469117916,0.868628239327,0.868628239327,0.874469117916,0.950053608213,
32.mid,0.723899244388,0.721653723697,0.871536792183,0.976770946588,
33.mid,0.719181391203,0.871536792183,0.916830462966,
34.mid,0.839030387033,1.107090914237,
35.mid,0.871536792183,1.045688887263,
36.mid,0.839030387033,0.967197974281,
37.mid,0.717328806769,0.871536792183,0.868628239327,0.868628239327,0.874469117916,0.868628239327,0.868628239327,0.874469117916,0.859454260551,0.840929217608,0.839771364691,0.699605051219,0.839030387033,0.956912557326,
38.mid,0.871536792183,0.868628239327,0.868628239327,0.874469117916,0.864232009290,0.845395331681,0.839771364691,0.860887062557,0.879073253239,0.874469117916,0.470310393232,0.904386194504,0.915015777128,0.719329018863,0.889811827717,0.772235850133,0.871536792183,0.868628239327,0.850214415485,0.839771364691,0.851669184598,0.851588288985,0.839771364691,0.964120041297,
39.mid,0.718441512114,0.839030387033,0.851663817738,0.851588288985,0.839771364691,1.036567420827,
3.mid,0.871536792183,0.966211686544,
40.mid,0.739232478364,0.871536792183,0.868628239327,0.868628239327,0.874469117916,0.864232009290,0.845395331681,0.839771364691,0.943430943325,
41.mid,0.546807572421,0.711065149369,0.871536792183,0.998663552437,
42.mid,0.735274274119,0.839030387033,0.986877562677,
43.mid,0.507601021779,0.964068332139,0.427237763125,0.550776068909,0.725763816624,0.839030387033,0.846472927899,0.790893496656,
44.mid,0.871536792183,1.039528364187,
45.mid,0.701889665477,0.839030387033,0.851663817738,0.851588288985,0.839771364691,0.851669184598,0.944002278208,0.846511888368,0.839771364691,0.851663817738,0.851588288985,0.839771364691,0.713234596356,0.871536792183,1.039203396274,
46.mid,0.736602996808,0.871536792183,0.868628239327,0.868628239327,0.874469117916,1.006663730281,
47.mid,!! Not enough voices,
48.mid,0.871536792183,1.080531338312,
49.mid,0.839030387033,1.059495783934,
4.mid,0.522122291597,0.809300032176,0.708531817394,0.839030387033,0.852773725505,0.633531153703,
50.mid,0.826286930232,0.719510779492,0.871536792183,0.882824167313,1.051799163391,
51.mid,0.839030387033,0.851663817738,0.851588288985,0.839771364691,0.856103701535,0.874745731180,0.874469117916,0.859454260551,0.840929217608,0.839771364691,0.423403207084,0.917183797174,0.907386423046,0.752119744609,0.431533819175,0.494838230503,0.731180423818,0.839030387033,0.851663817738,0.851588288985,0.839771364691,0.851669184598,0.851588288985,0.839771364691,0.971972855844,
52.mid,0.839030387033,0.647232904274,
53.mid,0.775226964678,0.871536792183,0.868628239327,0.850214415485,0.839771364691,1.116984141887,
54.mid,
55.mid,0.871536792183,0.868628239327,0.868628239327,0.874469117916,0.868628239327,0.868628239327,0.874469117916,0.868628239327,0.868628239327,0.874469117916,0.703015399837,0.839030387033,0.851663817738,0.851588288985,0.839771364691,0.856103701535,0.874745731180,0.874469117916,0.892930653764,0.739033381774,0.871063864083,0.874469117916,0.716613696032,0.871536792183,0.868628239327,0.868628239327,0.874469117916,0.864232009290,0.845395331681,0.839771364691,0.977749760441,
56.mid,0.856176530988,0.812702712133,0.719897943462,0.871536792183,0.868628239327,0.850214415485,0.839771364691,0.856103701535,0.874745731180,0.874469117916,0.935808941814,
57.mid,0.767788718538,0.871536792183,0.868628239327,0.868628239327,0.874469117916,0.918244869982,
58.mid,!! Not enough voices,
59.mid,0.754716539723,0.871536792183,1.001335210684,
5.mid,0.839030387033,0.851663817738,0.851588288985,0.839771364691,0.857947401519,0.198262013874,
60.mid,0.717354671722,0.839030387033,0.851663817738,0.870026274663,0.874469117916,0.864232009290,0.845395331681,0.839771364691,0.861622381146,0.817421520274,0.885271810071,0.874469117916,0.716613696032,0.871536792183,0.954885605689,
61.mid,0.732872506361,0.839030387033,0.851663817738,0.851588288985,0.839771364691,1.064619364734,
62.mid,0.700396369583,0.839030387033,0.949323039369,
63.mid,0.839030387033,0.851663817738,0.851588288985,0.839771364691,0.904004415720,
64.mid,0.728140253934,0.871536792183,1.095611911595,
65.mid,0.871536792183,0.868628239327,0.868628239327,0.874469117916,0.882099559041,0.455051836336,0.838316851900,0.839771364691,0.851663817738,0.851588288985,0.839771364691,0.580337882112,0.780759529011,0.871536792183,0.870821340901,0.760081615053,
66.mid,0.891298820244,0.554864257865,0.991151832954,0.744877173004,0.839030387033,0.900783132886,
67.mid,0.871536792183,1.081478506553,
68.mid,0.577290348880,0.699133198928,0.839030387033,0.933673548366,
69.mid,0.755553970228,0.871536792183,0.681407617676,
6.mid,0.839030387033,0.987214522866,
70.mid,0.426171108022,0.451386845256,0.726819946132,0.871536792183,1.003002488162,
71.mid,0.839030387033,0.851663817738,0.870026274663,0.874469117916,0.868628239327,0.868628239327,0.874469117916,0.868628239327,0.868628239327,0.874469117916,0.537480846643,0.731801625354,0.871536792183,0.997994864110,
72.mid,0.529473936295,0.470514964817,0.731906052006,0.871536792183,0.965527782743,
73.mid,0.871536792183,1.082109606756,
74.mid,0.839030387033,1.177583590747,
75.mid,0.871536792183,0.883186335017,0.684459838624,0.860078768778,0.839771364691,0.856103701535,0.874745731180,0.874469117916,0.868628239327,0.868628239327,0.874469117916,0.800100474953,0.725708596611,0.871536792183,1.125614368965,
76.mid,0.871536792183,0.996656556926,
77.mid,!! Not enough voices,
78.mid,0.446496141035,0.754518356197,0.839030387033,0.851663817738,0.870026274663,0.874469117916,0.884272292946,1.063374907357,
79.mid,0.839030387033,0.890371701316,
7.mid,0.871536792183,0.925296179429,
80.mid,0.871536792183,1.015611218729,
81.mid,0.724404886252,0.871536792183,0.681407617676,
82.mid,0.464155238073,0.726826207705,0.871536792183,1.079899547174,
83.mid,0.730054138385,0.871536792183,0.868628239327,0.868628239327,0.874469117916,0.963474123975,
84.mid,0.996099889698,0.841892306570,0.793775671318,0.839030387033,0.851663817738,0.870026274663,0.874469117916,0.868628239327,0.868628239327,0.874469117916,0.859454260551,0.840929217608,0.839771364691,0.713234596356,0.871536792183,0.996991250128,
85.mid,0.839030387033,0.851663817738,0.851588288985,0.839771364691,1.012932297695,
86.mid,0.813810234000,0.751985595117,0.871536792183,0.877744249949,1.159678352579,
87.mid,0.757834308631,0.871536792183,0.868628239327,0.850214415485,0.839771364691,0.851669184598,0.851588288985,0.839771364691,0.930873557112,
88.mid,0.839030387033,0.851663817738,0.851588288985,0.839771364691,1.071945130765,
89.mid,0.839030387033,0.851663817738,0.851588288985,0.839771364691,0.851669184598,0.851588288985,0.839771364691,0.851663817738,0.851588288985,0.839771364691,0.832432934300,0.747094427746,0.871536792183,0.881011963783,0.900416117987,
8.mid,0.871536792183,0.868628239327,0.850214415485,0.839771364691,0.851669184598,0.851588288985,0.839771364691,0.851663817738,0.851588288985,0.839771364691,0.699605051219,0.839030387033,0.851663817738,0.870026274663,0.874469117916,1.009652396413,
90.mid,1.028360229515,0.771059594091,0.550043903019,1.021569849373,0.934057487678,0.609912656787,0.979589891848,0.973554766751,0.990267027527,0.747721388470,0.871536792183,0.924240677584,
91.mid,0.839030387033,0.851663817738,0.870026274663,0.874469117916,0.864232009290,0.845395331681,0.839771364691,0.851663817738,0.851588288985,0.839771364691,0.425891050370,0.728679411123,0.839030387033,1.069395888366,
92.mid,0.725013812744,0.871536792183,0.868628239327,0.868628239327,0.874469117916,0.892570924291,0.690894411995,0.887161913788,0.874469117916,0.868628239327,0.868628239327,0.874469117916,0.716613696032,0.871536792183,0.955918931536,
93.mid,0.738011936814,0.871536792183,0.868628239327,0.868628239327,0.874469117916,0.941384581762,
94.mid,0.839030387033,0.851663817738,0.851588288985,0.839771364691,0.851669184598,0.851588288985,0.839771364691,0.951742219547,
95.mid,0.750606504836,0.871536792183,0.681407617676,
96.mid,0.741280264125,0.871536792183,0.681407617676,
97.mid,0.585325195290,0.788049969405,0.646209395637,0.525866387574,0.727547448150,0.871536792183,1.035623909731,
98.mid,!! Not enough voices,
99.mid,0.767650300199,0.674015931233,0.739116858232,0.839030387033,0.851663817738,0.851588288985,0.839771364691,1.145039970812,
9.mid,0.839030387033,0.901498400645,
