100.mid,0.740153183854,0.830125077359,0.740221325091,0.736965594166,0.737820256523,0.737860184351,0.736996759045,0.738681260661,0.738605731908,0.736996759045,0.000855093243,0.922935070003,0.611758036685,0.740153183854,0.530514716699,
10.mid,0.585783142202,0.737796051289,0.830942835404,0.741027087354,0.736965594166,0.737820256523,0.737860184351,0.736996759045,0.741073340977,0.740946450648,0.736965594166,0.585826571819,0.737796051289,0.830942835404,0.738605731908,0.736996759045,0.289540189227,
11.mid,0.740153183854,0.737033195154,0.357557540602,0.740116845675,0.736965594166,0.737820256523,0.737860184351,0.736996759045,0.738681260661,0.738605731908,0.736996759045,0.589001255375,0.740153183854,0.875991999822,
12.mid,0.585775376477,0.737796051289,0.830942835404,0.741027087354,0.736965594166,0.830488047820,0.522782344271,0.740250525949,0.736965594166,0.763316714041,
13.mid,0.737796051289,0.830942835404,0.738605731908,0.736996759045,0.474739268863,
14.mid,0.591427821285,0.740153183854,0.874578340636,
15.mid,0.588164868252,0.740153183854,0.736995645305,
16.mid,0.737796051289,0.830133079544,0.446404906185,0.847500849829,0.740161536453,0.736965594166,0.896525256852,
17.mid,0.014219718652,0.000000000000,0.173864140089,0.589269426499,0.737796051289,0.830942835404,0.741027087354,0.736965594166,0.740221325091,0.740221325091,0.736965594166,0.741024315921,
18.mid,0.740153183854,1.000399696356,
19.mid,0.588195502075,0.740153183854,0.830125077359,0.740221325091,0.736965594166,0.473940204796,0.659849804821,0.737856654433,0.736996759045,0.354904468530,
1.mid,0.737796051289,0.830942835404,0.741027087354,0.736965594166,0.289506617195,
20.mid,0.589677095175,0.740153183854,0.830125077359,0.737841468095,0.736996759045,0.738686627522,0.738611568410,0.736996759045,0.224402154709,0.740193405596,0.738518213891,0.736996759045,0.004516513147,0.585688046711,0.737796051289,1.039735541217,
21.mid,0.740153183854,0.830125077359,0.740221325091,0.736965594166,0.740221325091,0.740221325091,0.736965594166,0.884291137121,
22.mid,0.588965085010,0.740153183854,1.040218332233,
23.mid,0.740153183854,0.830125077359,0.740221325091,0.736965594166,0.737820256523,0.737860184351,0.736996759045,0.875413265560,
24.mid,0.398890481482,0.586291032254,0.737796051289,0.787744005455,
25.mid,0.770589589666,0.588880507339,0.740153183854,0.917682097346,
26.mid,0.465685023394,0.378710154572,0.594913968102,0.737796051289,0.830942835404,0.738605731908,0.736996759045,0.738686627522,0.738611568410,0.736996759045,0.738681260661,0.738605731908,0.736996759045,0.000513217272,0.588152354320,0.740153183854,0.831859581372,0.460674407228,0.760209439379,0.736965594166,1.011097658315,
27.mid,0.740153183854,1.000468874934,
28.mid,0.000000000000,0.585684261402,0.737796051289,0.688361205226,
29.mid,0.740153183854,0.830125077359,0.737841468095,0.736996759045,0.738686627522,0.738611568410,0.736996759045,0.585029270290,
2.mid,0.740153183854,0.830125077359,0.737841468095,0.736996759045,0.738686627522,0.738611568410,0.736996759045,0.738681260661,0.738605731908,0.736996759045,0.551443150752,0.022464350013,0.291883615482,0.604337476867,0.737796051289,0.830942835404,0.738605731908,0.736996759045,1.039650823662,
30.mid,0.740153183854,0.830776538467,1.024853085249,
31.mid,0.585726603637,0.737796051289,0.830942835404,0.741027087354,0.736965594166,0.740221325091,0.740221325091,0.736965594166,0.530515680032,
32.mid,0.072751781909,0.589718733556,0.740153183854,0.738041195544,
33.mid,0.588164246638,0.740153183854,0.874835655783,
34.mid,0.737796051289,0.740243922817,
35.mid,0.740153183854,1.001275705338,
36.mid,0.737796051289,0.959375584917,
37.mid,0.588155643989,0.740153183854,0.830125077359,0.740221325091,0.736965594166,0.740221325091,0.740221325091,0.736965594166,0.737827765796,0.737869283677,0.736996759045,0.586622494142,0.737796051289,0.690943037974,
38.mid,0.740153183854,0.830125077359,0.740221325091,0.736965594166,0.737820256523,0.737860184351,0.736996759045,0.741073340977,0.740946450648,0.736965594166,0.117377656549,0.739281243351,0.692666124740,0.000344927703,0.610569049763,0.589718142292,0.740153183854,0.830125077359,0.737841468095,0.736996759045,0.738686627522,0.738611568410,0.736996759045,0.228287207029,
39.mid,0.585780813819,0.737796051289,0.830942835404,0.738605731908,0.736996759045,0.691233249850,
3.mid,0.740153183854,0.785312226018,
40.mid,0.610681873519,0.740153183854,0.830125077359,0.740221325091,0.736965594166,0.737820256523,0.737860184351,0.736996759045,0.919015258479,
41.mid,0.000000000000,0.588143969644,0.740153183854,0.959643740981,
42.mid,0.585701910964,0.737796051289,0.737688646301,
43.mid,0.000000000000,0.000000000000,0.000000000000,0.000000000000,0.585670919323,0.737796051289,0.830376815560,0.570045544159,
44.mid,0.740153183854,0.688056857364,
45.mid,0.585774963302,0.737796051289,0.830942835404,0.738605731908,0.736996759045,0.585608743920,0.820690761737,0.737814547254,0.736996759045,0.738681260661,0.738605731908,0.736996759045,0.589001255375,0.740153183854,0.784291505635,
46.mid,0.607014488418,0.740153183854,0.830125077359,0.740221325091,0.736965594166,0.785312226018,
47.mid,!! Not enough voices,
48.mid,0.740153183854,1.040218332233,
49.mid,0.737796051289,1.040461133119,
4.mid,0.283613996071,0.762093487432,0.596168873446,0.737796051289,0.831103095638,0.603803078352,
50.mid,0.754006018942,0.600522923527,0.740153183854,0.784274540729,0.959818441169,
51.mid,0.737796051289,0.830942835404,0.738605731908,0.736996759045,0.741086199996,0.740996340117,0.736965594166,0.737827765796,0.737869283677,0.736996759045,0.005048409619,0.000000000000,0.000000000000,0.335274380526,0.013624969770,0.381155996654,0.599809073043,0.737796051289,0.830942835404,0.738605731908,0.736996759045,0.738686627522,0.738611568410,0.736996759045,0.358582118856,
52.mid,0.737796051289,0.530548000547,
53.mid,0.611419654721,0.740153183854,0.830125077359,0.737841468095,0.736996759045,0.786204150633,
54.mid,
55.mid,0.740153183854,0.830125077359,0.740221325091,0.736965594166,0.740221325091,0.740221325091,0.736965594166,0.740221325091,0.740221325091,0.736965594166,0.585826571819,0.737796051289,0.830942835404,0.738605731908,0.736996759045,0.741086199996,0.740996340117,0.736965594166,0.586500790299,0.595439803384,0.746030823559,0.736965594166,0.588206781796,0.740153183854,0.830125077359,0.740221325091,0.736965594166,0.737820256523,0.737860184351,0.736996759045,0.963266765919,
56.mid,0.003623218134,0.610321160126,0.588651284663,0.740153183854,0.830125077359,0.737841468095,0.736996759045,0.741086199996,0.740996340117,0.736965594166,0.473956232187,
57.mid,0.588091572902,0.740153183854,0.830125077359,0.740221325091,0.736965594166,0.530611005514,
58.mid,!! Not enough voices,
59.mid,0.588173695904,0.740153183854,0.959917059007,
5.mid,0.737796051289,0.830942835404,0.738605731908,0.736996759045,0.832339961357,0.021671379034,
60.mid,0.590607955553,0.737796051289,0.830942835404,0.741027087354,0.736965594166,0.737820256523,0.737860184351,0.736996759045,0.836904625270,0.678014907161,0.740321701586,0.736965594166,0.588206781796,0.740153183854,0.917626927396,
61.mid,0.617182598203,0.737796051289,0.830942835404,0.738605731908,0.736996759045,0.736982090527,
62.mid,0.585770168936,0.737796051289,0.785706683436,
63.mid,0.737796051289,0.830942835404,0.738605731908,0.736996759045,0.588056607780,
64.mid,0.588117023770,0.740153183854,0.689865926898,
65.mid,0.740153183854,0.830125077359,0.740221325091,0.736965594166,0.744301380856,0.332103899862,0.739809771333,0.736996759045,0.738681260661,0.738605731908,0.736996759045,0.386583181118,0.588485864227,0.740153183854,0.830228271713,0.682232834496,
66.mid,0.000000000000,0.000000000000,0.866449634924,0.586292674097,0.737796051289,0.876217546248,
67.mid,0.740153183854,1.039772337281,
68.mid,0.011935660933,0.585719120931,0.737796051289,0.917878328602,
69.mid,0.588999217947,0.740153183854,0.530514716699,
6.mid,0.737796051289,0.961663980873,
70.mid,0.020038118987,0.431843858632,0.621356876249,0.740153183854,0.959564556864,
71.mid,0.737796051289,0.830942835404,0.741027087354,0.736965594166,0.740221325091,0.740221325091,0.736965594166,0.740221325091,0.740221325091,0.736965594166,0.002212258454,0.588008400418,0.740153183854,0.784271308945,
72.mid,0.167644273955,0.130739603345,0.592577872251,0.740153183854,0.918034290875,
73.mid,0.740153183854,1.040449359331,
74.mid,0.737796051289,0.785986101481,
75.mid,0.740153183854,0.831859581372,0.632993411792,0.737809763398,0.736996759045,0.741086199996,0.740996340117,0.736965594166,0.740221325091,0.740221325091,0.736965594166,0.000028244325,0.588154031414,0.740153183854,0.785312226018,
76.mid,0.740153183854,0.959360877940,
77.mid,!! Not enough voices,
78.mid,0.025117783876,0.585780336233,0.737796051289,0.830942835404,0.741027087354,0.736965594166,0.530938676415,0.585599256634,
79.mid,0.737796051289,0.874760609511,
7.mid,0.740153183854,0.875149404051,
80.mid,0.740153183854,0.688730674321,
81.mid,0.614911472562,0.740153183854,0.530514716699,
82.mid,0.335091570879,0.601730946813,0.740153183854,1.040135121338,
83.mid,0.588150761260,0.740153183854,0.830125077359,0.740221325091,0.736965594166,0.473967249624,
84.mid,0.436749863134,0.404221727723,0.607789681135,0.737796051289,0.830942835404,0.741027087354,0.736965594166,0.740221325091,0.740221325091,0.736965594166,0.737827765796,0.737869283677,0.736996759045,0.589001255375,0.740153183854,0.959518864672,
85.mid,0.737796051289,0.830942835404,0.738605731908,0.736996759045,0.702437030804,
86.mid,0.610321937012,0.589005834834,0.740153183854,0.830300901656,1.097148468857,
87.mid,0.608596765323,0.740153183854,0.830125077359,0.737841468095,0.736996759045,0.738686627522,0.738611568410,0.736996759045,0.807718629544,
88.mid,0.737796051289,0.830942835404,0.738605731908,0.736996759045,1.041306337128,
89.mid,0.737796051289,0.830942835404,0.738605731908,0.736996759045,0.738686627522,0.738611568410,0.736996759045,0.738681260661,0.738605731908,0.736996759045,0.005992292627,0.588066849012,0.740153183854,0.830602472145,0.676301996840,
8.mid,0.740153183854,0.830125077359,0.737841468095,0.736996759045,0.738686627522,0.738611568410,0.736996759045,0.738681260661,0.738605731908,0.736996759045,0.586622494142,0.737796051289,0.830942835404,0.741027087354,0.736965594166,0.585021853184,
90.mid,0.868426600960,0.551209710921,0.248629065435,0.867877941594,0.002861779142,0.000000000000,0.866521982484,0.000319666789,0.000000000000,0.588156882445,0.740153183854,0.875020579139,
91.mid,0.737796051289,0.830942835404,0.741027087354,0.736965594166,0.737820256523,0.737860184351,0.736996759045,0.738681260661,0.738605731908,0.736996759045,0.005174863210,0.585553714805,0.737796051289,0.688089576619,
92.mid,0.588164872860,0.740153183854,0.830125077359,0.740221325091,0.736965594166,0.474889685740,0.518771401084,0.740179632522,0.736965594166,0.740221325091,0.740221325091,0.736965594166,0.588206781796,0.740153183854,0.784291505635,
93.mid,0.592124390522,0.740153183854,0.830125077359,0.740221325091,0.736965594166,0.476407138153,
94.mid,0.737796051289,0.830942835404,0.738605731908,0.736996759045,0.738686627522,0.738611568410,0.736996759045,0.795205692555,
95.mid,0.588833560221,0.740153183854,0.530514716699,
96.mid,0.588164660997,0.740153183854,0.530514716699,
97.mid,0.001102336675,0.000000000000,0.607963156196,0.010240591086,0.588161578423,0.740153183854,0.737066559683,
98.mid,!! Not enough voices,
99.mid,0.658960955113,0.001479316293,0.585780911518,0.737796051289,0.830942835404,0.738605731908,0.736996759045,0.585006822796,
9.mid,0.737796051289,0.876363113185,
