100.mid,0.871536792183,0.868628239327,0.868628239327,0.874469117916,0.864232009290,0.845395331681,0.839771364691,0.851663817738,0.851588288985,0.839771364691,0.881372380409,0.924662945771,0.717889277713,0.871536792183,0.681407617676,
10.mid,0.699763331431,0.839030387033,0.851663817738,0.870026274663,0.874469117916,0.864232009290,0.845395331681,0.839771364691,0.860887062557,0.879073253239,0.874469117916,0.703015399837,0.839030387033,0.851663817738,0.851588288985,0.839771364691,0.424490427402,
11.mid,0.871536792183,0.880649249754,0.408179620392,0.853816150719,0.874469117916,0.864232009290,0.845395331681,0.839771364691,0.851663817738,0.851588288985,0.839771364691,0.713234596356,0.871536792183,0.924944431276,
12.mid,0.686468786396,0.839030387033,0.851663817738,0.870026274663,0.874469117916,0.868262398057,0.632417571887,0.859875007307,0.874469117916,0.853552150388,
13.mid,0.839030387033,0.851663817738,0.851588288985,0.839771364691,0.497271244350,
14.mid,0.699013636558,0.871536792183,0.918951553827,
15.mid,0.710324844083,0.871536792183,0.831952285798,
16.mid,0.839030387033,0.842008679755,0.452949306470,0.859328696495,0.865691752104,0.874469117916,0.937902332809,
17.mid,0.014219718652,0.000000000000,0.173864140089,0.685444842451,0.839030387033,0.851663817738,0.870026274663,0.874469117916,0.868628239327,0.868628239327,0.874469117916,1.001313145096,
18.mid,0.871536792183,1.039528364187,
19.mid,0.726845797315,0.871536792183,0.868628239327,0.868628239327,0.874469117916,0.727405539089,0.766434502686,0.836548886036,0.839771364691,0.380526321553,
1.mid,0.839030387033,0.851663817738,0.870026274663,0.874469117916,0.458459779570,
20.mid,0.712207935139,0.871536792183,0.868628239327,0.850214415485,0.839771364691,0.851669184598,0.851588288985,0.839771364691,0.255741500269,0.876707384742,0.865080174679,0.839771364691,0.537357838913,0.694995597126,0.839030387033,1.053072375990,
21.mid,0.871536792183,0.868628239327,0.868628239327,0.874469117916,0.868628239327,0.868628239327,0.874469117916,0.911158927245,
22.mid,0.719911331501,0.871536792183,1.080531338312,
23.mid,0.871536792183,0.868628239327,0.868628239327,0.874469117916,0.864232009290,0.845395331681,0.839771364691,0.882994010058,
24.mid,0.412975100426,0.695401222004,0.839030387033,0.819099335292,
25.mid,0.788215476418,0.700945700985,0.871536792183,0.955918931536,
26.mid,0.641900268204,0.382203801964,0.690709048181,0.839030387033,0.851663817738,0.851588288985,0.839771364691,0.851669184598,0.851588288985,0.839771364691,0.851663817738,0.851588288985,0.839771364691,0.022441380425,0.695979434950,0.871536792183,0.883186335017,0.487806707982,0.872442922794,0.874469117916,1.052145353805,
27.mid,0.871536792183,1.040178080496,
28.mid,0.312230928596,0.682273014845,0.839030387033,0.705734201975,
29.mid,0.871536792183,0.868628239327,0.850214415485,0.839771364691,0.851669184598,0.851588288985,0.839771364691,0.596454518042,
2.mid,0.871536792183,0.868628239327,0.850214415485,0.839771364691,0.851669184598,0.851588288985,0.839771364691,0.851663817738,0.851588288985,0.839771364691,0.561529627350,0.623806967244,0.300345331587,0.699551399763,0.839030387033,0.851663817738,0.851588288985,0.839771364691,1.050502141840,
30.mid,0.871536792183,0.882461908670,1.051073690321,
31.mid,0.682133195956,0.839030387033,0.851663817738,0.870026274663,0.874469117916,0.868628239327,0.868628239327,0.874469117916,0.950053608213,
32.mid,0.072751781909,0.697429764601,0.871536792183,0.976770946588,
33.mid,0.695996058506,0.871536792183,0.916830462966,
34.mid,0.839030387033,1.107090914237,
35.mid,0.871536792183,1.045688887263,
36.mid,0.839030387033,0.967197974281,
37.mid,0.696053356365,0.871536792183,0.868628239327,0.868628239327,0.874469117916,0.868628239327,0.868628239327,0.874469117916,0.859454260551,0.840929217608,0.839771364691,0.699605051219,0.839030387033,0.722022210613,
38.mid,0.871536792183,0.868628239327,0.868628239327,0.874469117916,0.864232009290,0.845395331681,0.839771364691,0.860887062557,0.879073253239,0.874469117916,0.227098274106,0.885863929396,0.769805360025,0.599046014563,0.714062410079,0.699132954460,0.871536792183,0.868628239327,0.850214415485,0.839771364691,0.851669184598,0.851588288985,0.839771364691,0.272426671297,
39.mid,0.688183120863,0.839030387033,0.851663817738,0.851588288985,0.839771364691,0.721622610442,
3.mid,0.871536792183,0.834576390793,
40.mid,0.716882711630,0.871536792183,0.868628239327,0.868628239327,0.874469117916,0.864232009290,0.845395331681,0.839771364691,0.939606998370,
41.mid,0.002013012797,0.695969850586,0.871536792183,0.998663552437,
42.mid,0.682105316041,0.839030387033,0.986877562677,
43.mid,0.006926112053,0.556862023546,0.356580741673,0.493881247705,0.698811691171,0.839030387033,0.846472927899,0.583222567584,
44.mid,0.871536792183,0.733354340614,
45.mid,0.682187797534,0.839030387033,0.851663817738,0.851588288985,0.839771364691,0.605706550421,0.926629203666,0.836453399677,0.839771364691,0.851663817738,0.851588288985,0.839771364691,0.713234596356,0.871536792183,0.825182588618,
46.mid,0.713493955650,0.871536792183,0.868628239327,0.868628239327,0.874469117916,0.828571407967,
47.mid,!! Not enough voices,
48.mid,0.871536792183,1.080531338312,
49.mid,0.839030387033,1.059495783934,
4.mid,0.320009051701,0.773487916165,0.691912424913,0.839030387033,0.852773725505,0.618319643530,
50.mid,0.765518030328,0.707462655830,0.871536792183,0.826313079761,0.985909929196,
51.mid,0.839030387033,0.851663817738,0.851588288985,0.839771364691,0.856103701535,0.874745731180,0.874469117916,0.859454260551,0.840929217608,0.839771364691,0.042021261987,0.830074824622,0.419920672578,0.339538330902,0.013624969770,0.381155996654,0.695320475270,0.839030387033,0.851663817738,0.851588288985,0.839771364691,0.851669184598,0.851588288985,0.839771364691,0.947593047495,
52.mid,0.839030387033,0.647232904274,
53.mid,0.723493831046,0.871536792183,0.868628239327,0.850214415485,0.839771364691,0.811132942399,
54.mid,
55.mid,0.871536792183,0.868628239327,0.868628239327,0.874469117916,0.868628239327,0.868628239327,0.874469117916,0.868628239327,0.868628239327,0.874469117916,0.703015399837,0.839030387033,0.851663817738,0.851588288985,0.839771364691,0.856103701535,0.874745731180,0.874469117916,0.622086296191,0.703107706170,0.871063864083,0.874469117916,0.716613696032,0.871536792183,0.868628239327,0.868628239327,0.874469117916,0.864232009290,0.845395331681,0.839771364691,0.977749760441,
56.mid,0.074966484830,0.610321160126,0.696444021627,0.871536792183,0.868628239327,0.850214415485,0.839771364691,0.856103701535,0.874745731180,0.874469117916,0.514239176986,
57.mid,0.713853363091,0.871536792183,0.868628239327,0.868628239327,0.874469117916,0.918244869982,
58.mid,!! Not enough voices,
59.mid,0.695989633802,0.871536792183,1.001335210684,
5.mid,0.839030387033,0.851663817738,0.851588288985,0.839771364691,0.857947401519,0.198262013874,
60.mid,0.686710600475,0.839030387033,0.851663817738,0.870026274663,0.874469117916,0.864232009290,0.845395331681,0.839771364691,0.861622381146,0.798123563806,0.865832643572,0.874469117916,0.716613696032,0.871536792183,0.954885605689,
61.mid,0.712043995805,0.839030387033,0.851663817738,0.851588288985,0.839771364691,1.064619364734,
62.mid,0.687018228752,0.839030387033,0.809985148364,
63.mid,0.839030387033,0.851663817738,0.851588288985,0.839771364691,0.619683723419,
64.mid,0.695939049217,0.871536792183,0.745755233899,
65.mid,0.871536792183,0.868628239327,0.868628239327,0.874469117916,0.882099559041,0.455051836336,0.838316851900,0.839771364691,0.851663817738,0.851588288985,0.839771364691,0.477917576776,0.713740902476,0.871536792183,0.870821340901,0.718128344526,
66.mid,0.238870704173,0.015662858122,0.866449634924,0.682673822710,0.839030387033,0.900783132886,
67.mid,0.871536792183,1.081478506553,
68.mid,0.517440202654,0.695922539272,0.839030387033,0.933673548366,
69.mid,0.722801570125,0.871536792183,0.681407617676,
6.mid,0.839030387033,0.987214522866,
70.mid,0.020038118987,0.431843858632,0.726819946132,0.871536792183,1.003002488162,
71.mid,0.839030387033,0.851663817738,0.870026274663,0.874469117916,0.868628239327,0.868628239327,0.874469117916,0.868628239327,0.868628239327,0.874469117916,0.049459373149,0.695814882879,0.871536792183,0.827066248685,
72.mid,0.464859741425,0.222026113623,0.714317698746,0.871536792183,0.965527782743,
73.mid,0.871536792183,1.082109606756,
74.mid,0.839030387033,0.811508183651,
75.mid,0.871536792183,0.883186335017,0.668947070284,0.844052788896,0.839771364691,0.856103701535,0.874745731180,0.874469117916,0.868628239327,0.868628239327,0.874469117916,0.733941391927,0.698844793788,0.871536792183,0.834576390793,
76.mid,0.871536792183,0.996656556926,
77.mid,!! Not enough voices,
78.mid,0.337561474193,0.690499627128,0.839030387033,0.851663817738,0.870026274663,0.874469117916,0.884272292946,0.660008903264,
79.mid,0.839030387033,0.890371701316,
7.mid,0.871536792183,0.925296179429,
80.mid,0.871536792183,0.738567698763,
81.mid,0.720813274862,0.871536792183,0.681407617676,
82.mid,0.403060936352,0.721623612898,0.871536792183,1.079899547174,
83.mid,0.708242914193,0.871536792183,0.868628239327,0.868628239327,0.874469117916,0.522167373985,
84.mid,0.879264904178,0.675515029628,0.718263680081,0.839030387033,0.851663817738,0.870026274663,0.874469117916,0.868628239327,0.868628239327,0.874469117916,0.859454260551,0.840929217608,0.839771364691,0.713234596356,0.871536792183,0.996991250128,
85.mid,0.839030387033,0.851663817738,0.851588288985,0.839771364691,0.726878335894,
86.mid,0.721784796934,0.706649058577,0.871536792183,0.877744249949,1.119250379231,
87.mid,0.728088362660,0.871536792183,0.868628239327,0.850214415485,0.839771364691,0.851669184598,0.851588288985,0.839771364691,0.831162703543,
88.mid,0.839030387033,0.851663817738,0.851588288985,0.839771364691,1.068479304062,
89.mid,0.839030387033,0.851663817738,0.851588288985,0.839771364691,0.851669184598,0.851588288985,0.839771364691,0.851663817738,0.851588288985,0.839771364691,0.052692768344,0.695881695087,0.871536792183,0.881011963783,0.892681913501,
8.mid,0.871536792183,0.868628239327,0.850214415485,0.839771364691,0.851669184598,0.851588288985,0.839771364691,0.851663817738,0.851588288985,0.839771364691,0.699605051219,0.839030387033,0.851663817738,0.870026274663,0.874469117916,0.623624121090,
90.mid,0.899294004477,0.569456529722,0.248629065435,0.914078394034,0.895871680241,0.554346650991,0.896759140243,0.020181243427,0.923362968241,0.718837487597,0.871536792183,0.924240677584,
91.mid,0.839030387033,0.851663817738,0.870026274663,0.874469117916,0.864232009290,0.845395331681,0.839771364691,0.851663817738,0.851588288985,0.839771364691,0.042469065728,0.681937989961,0.839030387033,0.697932502081,
92.mid,0.704585597143,0.871536792183,0.868628239327,0.868628239327,0.874469117916,0.872242828938,0.643780469475,0.859968623588,0.874469117916,0.868628239327,0.868628239327,0.874469117916,0.716613696032,0.871536792183,0.825182588618,
93.mid,0.699743434652,0.871536792183,0.868628239327,0.868628239327,0.874469117916,0.535131344769,
94.mid,0.839030387033,0.851663817738,0.851588288985,0.839771364691,0.851669184598,0.851588288985,0.839771364691,0.811127575538,
95.mid,0.696614298741,0.871536792183,0.681407617676,
96.mid,0.695993061414,0.871536792183,0.681407617676,
97.mid,0.554781047761,0.040541179648,0.607963156196,0.010240591086,0.695989978838,0.871536792183,1.035623909731,
98.mid,!! Not enough voices,
99.mid,0.755822904450,0.582968816930,0.684866525139,0.839030387033,0.851663817738,0.851588288985,0.839771364691,0.596459884902,
9.mid,0.839030387033,0.901498400645,
